%YAML:1.0
---
IsFisheye: 0
ImageSize: [ 1920, 1080 ]
#相机内参
CameraMat: !!opencv-matrix
  rows: 3
  cols: 3
  dt: d
  data: [9.6571331590911382e+02, 0., 9.8984155968103710e+02, 0., 9.6616864262948991e+02, 5.2866421231012305e+02, 0., 0., 1.]

#畸变参数k1k2,,k3,p1p2
DistCoeff: !!opencv-matrix
  rows: 1
  cols: 5
  dt: d
  data: [-3.3253000475107253e-01, 1.2187945290212313e-01, -3.3948897368681139e-04, 7.4289585770703434e-05, -2.1117168284769821e-02]

#相机雷达外参
Camera2LidarExtrinsic: !!opencv-matrix
  rows: 4
  cols: 4
  dt: d
   data: 
[ 2.2204460492503131e-16, 	-1., 	-2.2204460492503131e-16,	-1.3017300000000001e+00, 
0.,	 2.2204460492503131e-16, 	-1.,	1.7552300000000001e-01, 
1.,	 2.2204460492503131e-16, 	0.,	5.3371299999999999e-01,
 0., 	0., 	0., 	1. ]
