calib_time: 15-Mar-2012 11:45:23
R: 7.967514e-03 -9.999679e-01 -8.462264e-04 -2.771053e-03 8.241710e-04 -9.999958e-01 9.999644e-01 7.969825e-03 -2.764397e-03
T: -1.377769e-02 -5.542117e-02 -2.918589e-01
delta_f: 0.000000e+00 0.000000e+00
delta_c: 0.000000e+00 0.000000e+00

T_00: -9.251859e-17 8.326673e-17 -7.401487e-17

R: 7.967514e-03, -9.999679e-01, -8.462264e-04, -2.771053e-03, 8.241710e-04, -9.999958e-01, 9.999644e-01, 7.969825e-03, -2.764397e-03
T: -1.377769e-02, -5.542117e-02, -2.918589e-01
K_00: 9.799200e+02 0.000000e+00 6.900000e+02 0.000000e+00 9.741183e+02 2.486443e+02 0.000000e+00 0.000000e+00 1.000000e+00

D_00: -3.745594e-01 2.049385e-01 1.110145e-03 1.379375e-03 -7.084798e-02

R: 7.967514e-03, -9.999679e-01, -8.462264e-04, -2.771053e-03, 8.241710e-04, -9.999958e-01, 9.999644e-01, 7.969825e-03, -2.764397e-03
T: -1.377769e-02 -5.542117e-02 -2.918589e-01


t03: -1.377769e-02
t13: -5.542117e-02
t23: -2.918589e-01


 data: [7.967514e-03, -9.999679e-01, -8.462264e-04, 
-2.771053e-03, 8.241710e-04, -9.999958e-01, 
9.999644e-01, 7.969825e-03, -2.764397e-03]

fx: 9.799200e+02
fy: 9.741183e+02
cy: 2.486443e+02
cx: 6.900000e+02

k1: -3.745594e-01
k2: 2.049385e-01
p1: 1.110145e-03
p2: 1.379375e-03
k3: -7.084798e-02
